140527
140527
140527
140527
140527
140527
140527
140527
140527
140527
140527
140527
140527
140527
140527
140527
140527
140527
140527
140527
140527
140527
140527
140527
140527
140527
140527
140527
140527
140527
140527
140527
140527
140527
140527
140527
140527
140527
140527
140527
140527
140527
140527
140527
140527
140527
140527
140527
140527
140527
140527
140527
140527
140527
140527
140527
140527
140527
140527
140527
140527
140527
140527
140527
140527
140527
140527
140527
140527
140527
140527
140527
140527
140527
140527
140527
140527
140527
140527
140527
140527
140527
140527
140527
140527
140527
140527
140527
140527
140527
140527
140527
140527
140527
140527
140527
140527
140527
140527
140527
140527
Chromosome {
  genes: [ 8, 13, 4, 6, 12, 2, 1, 9, 10, 11, 7, 3, 5, 14, 15 ],
  fitness: 140527 }
INEGMCBJKLHDFOP
